	A_granulata_2	B_glabrata_2	C_virginica_2	H_robusta_2	L_gigantea_2	O_bimaculoides_2	P_fucata_2	S_constricta_2
A_granulata_2	0.0	63.0	70.0	64.0	76.0	60.0	67.0	67.0
B_glabrata_2	63.0	0.0	59.0	62.0	68.0	61.0	63.0	60.0
C_virginica_2	70.0	59.0	0.0	60.0	69.0	58.0	77.0	70.0
H_robusta_2	64.0	62.0	60.0	0.0	66.0	62.0	63.0	60.0
L_gigantea_2	76.0	68.0	69.0	66.0	0.0	63.0	65.0	71.0
O_bimaculoides_2	60.0	61.0	58.0	62.0	63.0	0.0	57.0	58.0
P_fucata_2	67.0	63.0	77.0	63.0	65.0	57.0	0.0	68.0
S_constricta_2	67.0	60.0	70.0	60.0	71.0	58.0	68.0	0.0
