10
Ptetracirrhus_bias 0.0000000 0.7343811 1.3119316 0.8204090 0.6832985 0.8098162 0.6847704 0.5737676 1.0762120 1.3588568 
Ovulgaris          0.7343811 0.0000000 1.1082425 0.1244541 0.1410028 0.1517801 0.1593452 0.1197273 0.2563516 0.5739683 
Ovulgaris_bias     1.3119316 1.1082425 0.0000000 1.2354651 1.2039842 1.2909377 1.1927230 1.1234570 1.4093366 1.9466148 
Emoschata          0.8204090 0.1244541 1.2354651 0.0000000 0.1841290 0.0488407 0.2087478 0.1660915 0.2394827 0.5417940 
Cmacropus          0.6832985 0.1410028 1.2039842 0.1841290 0.0000000 0.2137555 0.1060349 0.0811032 0.2616036 0.6294264 
Ecirrhosa          0.8098162 0.1517801 1.2909377 0.0488407 0.2137555 0.0000000 0.2345417 0.1857402 0.2509733 0.5498067 
Sunicirrhus        0.6847704 0.1593452 1.1927230 0.2087478 0.1060349 0.2345417 0.0000000 0.1023098 0.2767242 0.7113023 
Ptetracirrhus      0.5737676 0.1197273 1.1234570 0.1660915 0.0811032 0.1857402 0.1023098 0.0000000 0.2355315 0.6407764 
Aargo              1.0762120 0.2563516 1.4093366 0.2394827 0.2616036 0.2509733 0.2767242 0.2355315 0.0000000 0.6008554 
Soficinalis        1.3588568 0.5739683 1.9466148 0.5417940 0.6294264 0.5498067 0.7113023 0.6407764 0.6008554 0.0000000 
