8
Ovulgaris      0.0000000 0.1199865 0.0693777 0.1043148 0.0794505 0.0805198 0.1327067 0.6747167 
Emoschata      0.1199865 0.0000000 0.1332866 0.0450256 0.1465892 0.1149128 0.1640258 0.6100772 
Cmacropus      0.0693777 0.1332866 0.0000000 0.1273819 0.0500343 0.0531622 0.1424524 0.6385436 
Ecirrhosa      0.1043148 0.0450256 0.1273819 0.0000000 0.1366053 0.0893403 0.1502073 0.6138821 
Ptetracitrrhus 0.0794505 0.1465892 0.0500343 0.1366053 0.0000000 0.0638683 0.1573049 0.6767934 
Sunicirrhus    0.0805198 0.1149128 0.0531622 0.0893403 0.0638683 0.0000000 0.1365001 0.5973048 
Aargo          0.1327067 0.1640258 0.1424524 0.1502073 0.1573049 0.1365001 0.0000000 0.6168956 
Sofficinalis   0.6747167 0.6100772 0.6385436 0.6138821 0.6767934 0.5973048 0.6168956 0.0000000 
