8
Ovulgaris      0.0000000 0.1040552 0.0641166 0.0915501 0.0717098 0.0726590 0.1133603 0.3556149 
Emoschata      0.1040552 0.0000000 0.1141905 0.0423536 0.1218586 0.0989060 0.1355141 0.3322368 
Cmacropus      0.0641166 0.1141905 0.0000000 0.1098251 0.0469581 0.0499555 0.1211260 0.3447028 
Ecirrhosa      0.0915501 0.0423536 0.1098251 0.0000000 0.1148129 0.0796015 0.1250567 0.3333818 
Ptetracitrrhus 0.0717098 0.1218586 0.0469581 0.1148129 0.0000000 0.0585356 0.1294651 0.3554428 
Sunicirrhus    0.0726590 0.0989060 0.0499555 0.0796015 0.0585356 0.0000000 0.1156858 0.3296244 
Aargo          0.1133603 0.1355141 0.1211260 0.1250567 0.1294651 0.1156858 0.0000000 0.3381280 
Sofficinalis   0.3556149 0.3322368 0.3447028 0.3333818 0.3554428 0.3296244 0.3381280 0.0000000 
