17
D4Brazi    0.0000000 0.0020318 0.0119010 0.0126598 0.0112329 0.0054986 0.0013520 0.0683464 0.0706165 0.0757491 0.0097676 0.0879615 0.0047881 0.0119847 0.0985001 0.0792979 0.0798720 
D4ElSal1   0.0020318 0.0000000 0.0111820 0.0119360 0.0105126 0.0048030 0.0006748 0.0693235 0.0716043 0.0767500 0.0090533 0.0890141 0.0040971 0.0112601 0.0995622 0.0782997 0.0788799 
D4ElSal2   0.0119010 0.0111820 0.0000000 0.0209874 0.0195072 0.0149019 0.0104632 0.0762400 0.0766171 0.0860069 0.0179483 0.0914903 0.0126624 0.0203161 0.1033447 0.0866779 0.0872135 
D4Indon1   0.0126598 0.0119360 0.0209874 0.0000000 0.0069093 0.0156862 0.0112124 0.0609777 0.0631390 0.0704119 0.0187577 0.0822555 0.0119713 0.0196162 0.0920780 0.0734420 0.0740422 
D4Indon2   0.0112329 0.0105126 0.0195072 0.0069093 0.0000000 0.0142347 0.0097928 0.0614560 0.0614100 0.0710038 0.0172844 0.0830137 0.0105432 0.0181312 0.0908730 0.0740710 0.0746741 
D4Mexico   0.0054986 0.0048030 0.0149019 0.0156862 0.0142347 0.0000000 0.0041089 0.0738009 0.0761529 0.0801693 0.0127303 0.0940510 0.0076239 0.0150098 0.1026314 0.0850867 0.0835915 
D4NewCal   0.0013520 0.0006748 0.0104632 0.0112124 0.0097928 0.0041089 0.0000000 0.0683464 0.0706165 0.0757491 0.0083410 0.0879615 0.0034077 0.0105359 0.0985001 0.0792979 0.0798720 
D4Philip1  0.0683464 0.0693235 0.0762400 0.0609777 0.0614560 0.0738009 0.0683464 0.0000000 0.0090940 0.0211735 0.0796209 0.0445867 0.0696781 0.0771444 0.0628394 0.0470212 0.0538870 
D4Philip2  0.0706165 0.0716043 0.0766171 0.0631390 0.0614100 0.0761529 0.0706165 0.0090940 0.0000000 0.0268053 0.0800257 0.0403770 0.0719777 0.0795849 0.0593434 0.0480912 0.0587256 
D4Philip   0.0757491 0.0767500 0.0860069 0.0704119 0.0710038 0.0801693 0.0757491 0.0211735 0.0268053 0.0000000 0.0848927 0.0632478 0.0791687 0.0844904 0.0792425 0.0616635 0.0711462 
D4PRico    0.0097676 0.0090533 0.0179483 0.0187577 0.0172844 0.0127303 0.0083410 0.0796209 0.0800257 0.0848927 0.0000000 0.0962830 0.0105160 0.0150251 0.1093605 0.0912976 0.0918035 
D4SLanka   0.0879615 0.0890141 0.0914903 0.0822555 0.0830137 0.0940510 0.0879615 0.0445867 0.0403770 0.0632478 0.0962830 0.0000000 0.0869033 0.1025169 0.0726603 0.0338130 0.0429485 
D4Tahiti1  0.0047881 0.0040971 0.0126624 0.0119713 0.0105432 0.0076239 0.0034077 0.0696781 0.0719777 0.0791687 0.0105160 0.0869033 0.0000000 0.0112932 0.0947323 0.0807601 0.0813291 
D4Tahiti2  0.0119847 0.0112601 0.0203161 0.0196162 0.0181312 0.0150098 0.0105359 0.0771444 0.0795849 0.0844904 0.0150251 0.1025169 0.0112932 0.0000000 0.1091329 0.0930594 0.0935563 
D4Thai1    0.0985001 0.0995622 0.1033447 0.0920780 0.0908730 0.1026314 0.0985001 0.0628394 0.0593434 0.0792425 0.1093605 0.0726603 0.0947323 0.1091329 0.0000000 0.0791507 0.0861234 
D4Thai2    0.0792979 0.0782997 0.0866779 0.0734420 0.0740710 0.0850867 0.0792979 0.0470212 0.0480912 0.0616635 0.0912976 0.0338130 0.0807601 0.0930594 0.0791507 0.0000000 0.0180211 
D4Thai3    0.0798720 0.0788799 0.0872135 0.0740422 0.0746741 0.0835915 0.0798720 0.0538870 0.0587256 0.0711462 0.0918035 0.0429485 0.0813291 0.0935563 0.0861234 0.0180211 0.0000000 
