8
A_granulata|model.g13936.t1_1   0.0000000 1.1669719 1.2121392 2.9274069 0.0551310 0.8993655 1.0720468 0.7223033 
B_glabrata|XP_013081957.1       1.1669719 0.0000000 1.4614952 3.0868227 0.0708325 1.4751835 1.2704301 0.8706599 
C_virginica|XP_022326937.1      1.2121392 1.4614952 0.0000000 2.1995491 0.0907708 1.4860086 0.4346955 0.8082276 
H_robusta|ESO01742.1            2.9274069 3.0868227 2.1995491 0.0000000 0.2704361 2.8978646 2.3103508 1.7310672 
L_gigantea|XP_009065435.1       0.0551310 0.0708325 0.0907708 0.2704361 0.0000000 0.0340730 0.0907708 0.0528202 
O_bimaculoides|XP_014780502.1   0.8993655 1.4751835 1.4860086 2.8978646 0.0340730 0.0000000 1.0281362 1.0456274 
P_fucata|Pma_10023863           1.0720468 1.2704301 0.4346955 2.3103508 0.0907708 1.0281362 0.0000000 0.6068711 
S_constricta|evm.model.ctg306.3 0.7223033 0.8706599 0.8082276 1.7310672 0.0528202 1.0456274 0.6068711 0.0000000 
